# Created by Octave 7.3.0, Thu Nov 02 18:15:18 2023 UTC <jovyan@ec43c0bfdd1c>
# name: X
# type: matrix
# rows: 7
# columns: 1
 1.0804035080920221e-15
 4.8596027491177958e-06
 -3.9876666434462371
 -3.587666643446235
 -4.8470806809860054
 -2.5076666434462367
 -26.074080657765577


