# Created by Octave 7.3.0, Fri Nov 10 22:43:30 2023 UTC <jovyan@ec43c0bfdd1c>
# name: X
# type: matrix
# rows: 7
# columns: 1
 7.0952913276979554e-19
 6.0282785626365744e-06
 -7.170282397139724
 -6.7702823971397219
 -8.0296964346794919
 -5.6902823971397236
 -32.439312165152558


