# Created by Octave 7.3.0, Tue Oct 24 20:33:17 2023 UTC <jovyan@ec43c0bfdd1c>
# name: Xguess
# type: matrix
# rows: 2
# columns: 1
 9.9999552566423597e-19
 9.9085854720083112e-06


