# Created by Octave 7.3.0, Fri Nov 10 22:43:30 2023 UTC <jovyan@ec43c0bfdd1c>
# name: Xguess
# type: matrix
# rows: 2
# columns: 1
 7.0952913302175812e-19
 6.0282785626365744e-06


