# Created by Octave 7.3.0, Tue Oct 24 20:33:18 2023 UTC <jovyan@ec43c0bfdd1c>
# name: X
# type: matrix
# rows: 7
# columns: 1
 9.9999552566421959e-19
 9.9085854720082926e-06
 -3.2405879056439217
 -2.8405879056439196
 -4.1000019431836892
 -1.7605879056439213
 -28.360589848827612


