# Created by Octave 7.3.0, Thu Aug 24 15:20:55 2023 UTC <jovyan@ec43c0bfdd1c>
# name: oKSOLUTION
# type: matrix
# rows: 12
# columns: 1
 0
 0
 0
 0
 -13.970292981230116
 -1.5
 -7.7999999999999998
 -18.100000000000001
 -7.5203729812301168
 -11.630000000000003
 -26.000000000000004
 -6.7699999999999996


# name: oKSOLID
# type: matrix
# rows: 2
# columns: 1
 -6.6000000000000014
 -12.860585962460235


# name: oASOLUTION
# type: matrix
# rows: 12
# columns: 4
 1 0 0 0
 0 1 0 0
 0 0 1 0
 0 0 0 1
 -1 0 0 0
 0 0 1 0
 -1 0 1 0
 -2 0 1 0
 -1 0 0 1
 -2 0 1 1
 -4 0 2 1
 -1 0 1 1


# name: oASOLID
# type: matrix
# rows: 2
# columns: 4
 -2 0 1 1
 -2 0 1 2


