# Created by Octave 7.3.0, Thu Aug 24 15:20:55 2023 UTC <jovyan@ec43c0bfdd1c>
# name: X
# type: matrix
# rows: 3
# columns: 1
 9.6335556742365817e-07
 -3.9422133884012069
 -16.219012739262645


