# Created by Octave 7.3.0, Wed Sep 13 16:02:28 2023 UTC <jovyan@ec43c0bfdd1c>
# name: X
# type: matrix
# rows: 3
# columns: 1
 1.4977506200785283e-13
 -3.5185604919368147
 -22.603706946333858


