# Created by Octave 7.3.0, Wed Sep 13 19:16:18 2023 UTC <jovyan@ec43c0bfdd1c>
# name: Xguess
# type: scalar
3.9862757013883885e-08


