# Created by Octave 7.3.0, Mon Oct 23 19:45:42 2023 UTC <jovyan@ec43c0bfdd1c>
# name: Xguess
# type: scalar
7.1492174520272979e-09


