# Created by Octave 7.3.0, Wed Sep 13 19:16:18 2023 UTC <jovyan@ec43c0bfdd1c>
# name: X
# type: matrix
# rows: 3
# columns: 1
 3.9862757013878347e-08
 -2.5714326676398773
 -16.231451297739987


