# Created by Octave 7.3.0, Mon Oct 23 19:45:42 2023 UTC <jovyan@ec43c0bfdd1c>
# name: X
# type: matrix
# rows: 3
# columns: 1
 7.1492174520268885e-09
 -2.1417414931452265
 -16.548068948750682


