# Created by Octave 7.3.0, Tue Aug 01 17:02:36 2023 EDT <ssmith@DSSARCH>
# name: X
# type: matrix
# rows: 3
# columns: 1
 1.0192280990022752e-11
 -2.1123286118205233
 -19.364643186101276


