# Created by Octave 7.3.0, Thu Aug 24 15:20:55 2023 UTC <jovyan@ec43c0bfdd1c>
# name: Xguess
# type: scalar
9.633555674236857e-07


