# Created by Octave 7.3.0, Thu Nov 02 19:14:17 2023 UTC <jovyan@ec43c0bfdd1c>
# name: Xguess
# type: scalar
7.1492174520272979e-09


