# Created by Octave 7.3.0, Tue Aug 01 17:02:36 2023 EDT <ssmith@DSSARCH>
# name: Xguess
# type: scalar
1.0192280990022794e-11


