# Created by Octave 7.3.0, Tue Sep 12 21:54:12 2023 UTC <jovyan@ec43c0bfdd1c>
# name: Xguess
# type: scalar
7.1492174520272979e-09


