# Created by Octave 7.3.0, Mon Apr 01 23:20:40 2024 UTC <jovyan@ec43c0bfdd1c>
# name: X
# type: matrix
# rows: 7
# columns: 1
 9.992582834395009e-16
 7.8863847305214587e-17
 -3.2409082053908329
 -2.8409082053908308
 -4.1003222429306003
 -1.7609082053908323
 -25.361230448321432


