# Created by Octave 7.3.0, Mon Apr 01 23:20:40 2024 UTC <jovyan@ec43c0bfdd1c>
# name: Xguess
# type: matrix
# rows: 2
# columns: 1
 9.9925828344035504e-16
 7.8863847331186624e-17


