# Created by Octave 7.3.0, Wed Oct 11 23:30:56 2023 UTC <jovyan@ec43c0bfdd1c>
# name: Xguess
# type: scalar
1.4977506200785283e-13


