# Created by Octave 7.3.0, Sun Mar 10 00:27:15 2024 UTC <jovyan@ec43c0bfdd1c>
# name: oKSOLUTION
# type: matrix
# rows: 17
# columns: 1
 0
 0
 0
 0
 0
 -13.970292981230116
 -1.5
 -7.7999999999999998
 -18.100000000000001
 -7.5203729812301168
 -11.630000000000003
 -26.000000000000004
 -6.7699999999999996
 9.9280000000000008
 16.776
 10.5
 19.579999999999998


# name: oKSOLID
# type: matrix
# rows: 5
# columns: 1
 -9.2405859624602336
 -8.8405859624602314
 -6.6000000000000014
 -7.7605859624602331
 -12.860585962460235


# name: oASOLUTION
# type: matrix
# rows: 17
# columns: 5
 1 0 0 0 0
 0 1 0 0 0
 0 0 1 0 0
 0 0 0 1 0
 0 0 0 0 1
 -1 0 0 0 0
 0 0 1 0 0
 -1 0 1 0 0
 -2 0 1 0 0
 -1 0 0 1 0
 -2 0 1 1 0
 -4 0 2 1 0
 -1 0 1 1 0
 1 0 0 0 1
 2 0 0 0 1
 0 0 0 1 1
 0 0 0 1 2


# name: oASOLID
# type: matrix
# rows: 5
# columns: 5
 -2 0 0 1 0
 -2 0 0 1 0
 -2 0 1 1 0
 -2 0 0 1 0
 -2 0 1 2 0


