# Created by Octave 7.3.0, Sun Mar 10 00:27:15 2024 UTC <jovyan@ec43c0bfdd1c>
# name: Xguess
# type: matrix
# rows: 2
# columns: 1
 1.3739904201424416e-15
 4.3444998905566877e-06


