# Created by Octave 7.3.0, Sun Mar 10 00:27:16 2024 UTC <jovyan@ec43c0bfdd1c>
# name: X
# type: matrix
# rows: 7
# columns: 1
 1.3739904201424529e-15
 4.3444998905566877e-06
 -4.1026022577525492
 -3.7026022577525475
 -4.962016295292317
 -2.6226022577525492
 -26.084618553044866


