# Created by Octave 7.3.0, Thu Nov 02 18:15:17 2023 UTC <jovyan@ec43c0bfdd1c>
# name: Xguess
# type: matrix
# rows: 2
# columns: 1
 1.0804035080920177e-15
 4.8596027491177958e-06


